./data/cards/train/000093681.jpg 35,308,62,319,6 38,253,65,269,39 69,200,90,221,0 117,163,135,189,18 170,146,182,173,8 200,146,224,176,40 254,169,275,192,13 232,300,253,322,13
./data/cards/train/000169578.jpg 36,307,63,319,6 36,248,65,272,27 69,200,90,222,0 118,161,134,188,26 168,144,184,174,16 203,149,221,175,34 255,169,276,192,19 280,207,306,227,24 212,323,239,342,24
./data/cards/train/000827954.jpg 35,307,62,319,25 40,251,65,270,23 66,196,92,226,15 117,160,135,187,35 170,145,181,173,39 203,148,222,176,30 254,171,275,194,8 232,302,253,325,8
./data/cards/train/001075659.jpg 36,306,64,322,14 39,251,65,269,21 66,195,91,226,16 117,162,134,189,24 169,146,181,173,12 203,147,222,175,20 226,278,244,306,20
./data/cards/train/001558425.jpg 36,307,64,322,30 37,250,64,268,22 67,196,92,225,28 117,162,135,190,37 170,146,182,172,7 204,150,221,175,8 254,170,275,193,13 277,205,307,227,2 211,323,244,345,2
./data/cards/train/001886346.jpg 36,307,64,319,37 37,249,66,272,41 69,199,90,222,12 115,160,135,191,27 170,145,183,172,22 203,150,221,176,21 225,279,244,306,21
./data/cards/train/001954737.jpg 37,306,64,320,36 40,250,66,270,49 69,198,91,222,39 115,161,135,188,30 169,144,182,172,35 203,146,221,175,43 254,168,277,193,48 280,208,305,225,12 213,322,238,340,12
./data/cards/train/001992228.jpg 37,307,64,320,18 36,248,67,272,27 68,196,91,221,35 115,161,134,189,17 169,146,180,173,0 203,148,219,175,13 253,168,276,192,48 280,205,307,226,43 214,322,241,343,43
./data/cards/train/002040307.jpg 34,308,63,319,39 39,252,65,269,12 66,197,91,221,30 117,162,134,189,47 169,146,182,174,38 203,148,221,174,32 227,278,245,305,32
./data/cards/train/002113126.jpg 37,308,64,319,50 37,250,64,269,25 69,198,92,222,32 119,161,134,189,49 169,145,182,173,33 202,149,219,175,26 227,278,244,305,26
./data/cards/train/002259110.jpg 35,307,63,319,25 36,250,63,269,20 72,197,92,222,49 117,162,133,189,5 169,146,182,174,37 203,149,220,174,6 226,281,243,307,6
./data/cards/train/002569358.jpg 34,306,64,321,28 38,250,64,268,34 68,198,91,222,51 114,159,135,191,16 168,146,184,174,2 204,148,221,175,4 251,172,275,195,36 231,301,254,323,36
./data/cards/train/002700193.jpg 37,308,63,319,11 39,252,66,270,18 68,197,91,222,33 117,161,134,187,19 168,144,184,174,28 201,148,221,177,30 254,168,277,193,22 232,299,255,324,22
./data/cards/train/002791737.jpg 34,307,62,320,31 38,251,65,269,47 71,198,90,221,10 115,160,135,191,16 169,146,182,174,23 203,148,222,176,33 226,279,245,307,33
./data/cards/train/002819458.jpg 34,308,61,319,9 40,251,65,270,23 68,198,91,222,24 117,160,134,189,47 169,146,183,173,33 200,146,224,175,40 223,276,246,306,40
./data/cards/train/002835246.jpg 37,306,64,320,36 39,253,64,269,0 68,196,90,221,22 117,161,134,187,19 169,146,182,173,33 203,148,219,176,39 227,278,243,305,39
./data/cards/train/002851614.jpg 35,306,64,321,15 36,248,64,272,1 69,198,91,222,39 115,162,133,190,4 168,146,184,174,3 200,148,223,176,3 253,169,275,193,11 278,208,305,227,45 213,322,240,342,45
./data/cards/train/003030140.jpg 36,308,63,319,0 36,248,67,272,27 71,197,90,221,23 117,163,135,190,18 168,144,184,174,40 204,149,221,175,11 225,280,243,307,11
./data/cards/train/003285940.jpg 34,307,61,319,19 37,250,65,268,48 67,198,90,222,4 115,160,135,191,28 171,146,184,172,7 203,146,221,175,43 253,168,276,193,4 279,207,306,228,37 213,322,239,342,37
./data/cards/train/003287518.jpg 37,308,63,320,12 40,251,66,270,36 66,195,92,225,40 117,161,135,187,32 170,146,182,175,49 203,148,221,175,44 227,278,245,305,44
./data/cards/train/003352633.jpg 35,306,64,321,42 37,250,65,269,48 67,197,90,222,20 117,162,134,189,24 170,146,183,172,7 203,146,222,175,43 252,170,274,194,18 280,208,306,227,39 214,321,240,339,39
./data/cards/train/003743169.jpg 35,306,64,321,41 39,251,64,268,12 66,195,94,226,27 117,161,135,189,44 169,146,184,174,4 203,149,221,175,18 226,280,244,307,18
./data/cards/train/003898680.jpg 34,307,62,319,20 38,251,64,268,11 71,198,92,223,49 118,161,134,188,13 169,146,184,173,17 203,150,220,175,12 253,170,274,193,5 277,204,309,227,40 212,319,243,342,40
./data/cards/train/003981429.jpg 34,308,62,320,20 38,251,65,270,24 69,198,92,221,34 117,162,133,188,6 167,144,184,174,16 203,149,221,175,23 226,279,243,304,23
./data/cards/train/004009817.jpg 34,307,63,321,43 39,251,65,269,21 69,199,92,223,39 119,162,133,188,10 168,146,184,174,3 203,149,221,176,18 226,280,244,307,18
./data/cards/train/004599767.jpg 34,307,62,319,35 36,248,65,273,16 69,198,92,224,50 117,162,135,190,37 170,144,182,173,46 203,147,221,175,32 254,169,276,192,7 277,204,309,228,29 212,320,244,344,29
./data/cards/train/004972128.jpg 36,307,64,321,3 37,250,65,269,46 71,197,90,221,10 115,161,134,189,17 170,146,183,174,8 203,148,221,175,32 253,166,276,193,43 277,204,308,227,28 212,320,244,343,28
./data/cards/train/004988123.jpg 35,308,61,319,6 39,251,66,269,18 67,196,92,226,2 117,163,135,190,38 170,144,183,172,20 202,149,221,177,50 249,168,277,195,41 281,206,307,226,20 214,322,241,342,20
./data/cards/train/005019758.jpg 36,307,63,319,21 38,253,65,269,39 68,198,91,222,24 115,161,135,192,2 168,145,184,174,42 200,147,223,176,42 222,278,247,307,42
./data/cards/train/005179624.jpg 37,307,64,319,50 39,250,65,269,24 69,198,91,222,24 115,161,135,191,3 170,145,182,173,51 203,146,222,175,43 225,278,244,307,43
./data/cards/train/005494287.jpg 35,308,63,319,39 37,251,65,269,51 69,198,91,222,39 117,162,133,189,5 169,146,182,173,23 203,148,221,176,51 253,168,275,193,4 278,207,306,227,50 212,322,239,342,50
./data/cards/train/005537372.jpg 34,307,62,319,26 39,253,64,269,0 68,198,91,221,31 117,161,134,188,26 167,145,184,174,15 200,147,224,175,40 253,170,274,194,18 232,302,253,325,18
./data/cards/train/005727960.jpg 34,306,64,321,16 39,252,66,270,18 67,196,92,225,41 116,161,134,189,46 168,144,184,174,28 203,148,221,175,31 226,276,245,305,31
./data/cards/train/005806297.jpg 36,308,63,319,45 36,248,65,272,29 72,199,94,224,36 117,163,135,190,18 169,146,184,174,2 202,149,221,176,33 253,170,274,193,12 280,207,306,225,11 212,324,238,342,11
./data/cards/train/006152223.jpg 36,308,63,319,45 39,251,64,268,5 67,197,92,221,30 115,160,135,191,28 169,146,182,173,11 200,147,224,178,27 253,168,276,193,30 232,301,255,327,30
./data/cards/train/006347757.jpg 34,306,64,320,40 38,251,66,270,37 69,198,91,221,25 117,161,134,189,51 169,145,181,173,39 200,147,223,176,2 253,167,276,193,30 279,208,306,226,13 214,320,240,339,13
./data/cards/train/006377980.jpg 36,308,64,320,18 38,251,64,269,18 67,197,91,223,46 115,161,135,191,2 169,146,182,173,36 202,148,219,175,26 227,278,244,304,26
./data/cards/train/006641293.jpg 36,308,63,320,11 40,250,66,269,49 69,199,92,223,38 114,161,134,189,43 169,145,182,173,46 203,149,219,175,26 227,278,244,305,26
./data/cards/train/006744598.jpg 34,307,64,321,16 37,250,65,268,22 71,198,91,222,23 117,160,135,187,22 169,146,182,173,5 203,149,218,175,0 254,168,276,192,9 232,301,254,324,9
./data/cards/train/006790518.jpg 36,306,64,321,2 37,250,64,269,20 68,197,90,221,9 115,162,134,190,4 169,146,183,173,21 203,148,221,175,44 254,168,276,192,9 232,301,254,324,9
./data/cards/train/006843970.jpg 34,307,62,319,46 40,251,66,268,8 67,197,89,221,9 118,163,134,189,8 168,145,184,174,42 203,146,222,175,43 225,278,244,307,43
./data/cards/train/007317990.jpg 34,306,64,320,40 38,253,66,269,39 66,197,90,221,17 118,161,134,189,23 169,146,181,174,11 200,148,223,176,15 253,171,274,193,8 232,303,253,325,8
./data/cards/train/007419523.jpg 35,307,62,319,25 40,251,65,269,23 68,198,90,222,32 117,162,134,189,47 169,146,181,172,0 200,148,223,176,14 222,279,248,308,14
./data/cards/train/007421438.jpg 36,306,64,320,3 38,251,65,270,32 68,198,91,222,24 117,162,135,190,37 169,145,181,172,13 204,148,222,175,48 253,167,276,193,30 232,300,255,326,30
./data/cards/train/008037396.jpg 34,306,64,321,16 38,250,66,270,33 66,195,92,226,29 117,161,134,187,7 170,146,182,173,8 203,146,221,176,43 253,170,275,192,6 279,207,306,228,37 212,322,239,342,37
./data/cards/train/008049880.jpg 34,307,62,320,26 37,250,64,268,22 69,198,91,221,26 115,163,134,190,30 168,146,184,174,3 200,148,223,176,3 251,170,274,194,38 232,301,254,325,38
./data/cards/train/008082516.jpg 34,307,62,319,13 37,251,64,270,31 69,199,90,222,26 117,161,134,188,25 169,146,182,173,23 203,149,219,175,26 227,278,244,305,26
./data/cards/train/008120684.jpg 36,308,63,320,45 37,248,66,272,14 71,198,94,224,36 117,162,133,189,11 170,146,182,173,21 203,149,218,175,0 227,281,241,306,0
./data/cards/train/008125621.jpg 34,307,62,320,26 37,249,66,272,3 66,197,91,222,43 116,161,135,191,3 170,146,182,173,8 204,151,221,177,10 227,280,243,304,10
./data/cards/train/008129767.jpg 35,307,63,320,10 37,251,65,270,17 66,196,92,226,14 115,161,135,189,30 168,147,182,174,36 201,148,221,176,30 224,278,243,307,30
./data/cards/train/008395308.jpg 34,307,62,319,35 37,251,64,270,31 69,200,92,223,38 115,161,135,191,3 170,145,183,172,22 200,148,223,177,41 249,168,277,194,2 228,301,258,327,2
./data/cards/train/008404671.jpg 36,307,64,319,37 36,248,66,272,28 67,196,92,225,3 117,161,134,187,7 170,146,182,173,8 200,148,223,176,3 222,279,248,308,3
./data/cards/train/008529759.jpg 36,307,63,319,24 38,250,65,268,25 68,198,92,221,31 115,161,135,191,41 168,146,184,174,3 200,147,224,175,29 253,170,274,193,21 281,207,307,225,9 214,323,240,342,9
./data/cards/train/008994145.jpg 34,306,64,321,29 39,251,65,270,21 67,198,90,221,32 117,162,133,189,5 169,145,180,173,39 200,146,224,175,16 253,170,274,192,6 232,302,253,324,6
./data/cards/train/009003880.jpg 35,307,63,319,49 40,251,65,269,23 69,199,90,221,13 117,162,135,190,37 168,146,184,174,41 200,147,223,176,15 222,278,246,307,15
./data/cards/train/009028998.jpg 34,307,62,319,35 38,251,64,269,11 69,198,90,221,25 115,161,135,191,42 169,146,182,175,48 202,149,220,177,45 226,279,244,306,45
./data/cards/train/009469701.jpg 35,308,63,319,39 40,252,65,269,12 69,199,92,223,38 117,163,133,189,12 169,146,182,175,50 203,150,220,176,5 253,168,277,193,46 277,205,308,228,28 212,320,244,344,28
./data/cards/train/009785784.jpg 34,307,62,320,23 37,249,66,272,2 69,199,90,221,12 117,163,134,190,45 170,145,182,172,19 203,146,222,175,30 254,169,275,192,13 281,207,307,226,32 215,322,241,342,32
./data/cards/train/009817624.jpg 35,306,64,321,42 36,248,64,273,1 69,198,91,222,34 114,159,135,191,16 170,145,182,172,9 203,147,221,175,35 253,169,276,193,44 279,207,306,227,48 213,323,240,343,48
./data/cards/train/010064425.jpg 36,307,63,322,30 36,248,67,272,27 69,199,90,221,5 115,160,135,191,42 169,145,182,172,47 200,148,223,178,41 253,169,276,193,39 232,300,253,323,39
./data/cards/train/010119300.jpg 37,307,64,319,38 39,250,66,268,8 69,199,89,221,6 117,163,135,190,37 167,145,184,174,14 200,148,223,176,15 253,170,273,192,0 232,301,252,324,0
./data/cards/train/010346407.jpg 34,306,64,321,16 37,250,63,269,32 67,196,92,225,15 115,161,135,191,15 169,144,182,172,20 204,148,220,175,13 249,167,278,194,28 277,205,307,228,41 211,319,243,343,41
./data/cards/train/010544710.jpg 34,307,61,319,32 37,250,64,269,20 68,196,91,221,35 117,162,133,189,5 169,145,181,172,13 200,146,224,175,29 253,169,276,194,51 233,300,255,324,51
./data/cards/train/010798592.jpg 34,306,64,321,1 37,250,66,270,46 69,197,90,220,19 117,162,133,188,5 167,144,184,174,1 203,148,221,175,44 253,168,275,193,17 278,208,305,227,50 212,323,239,342,50
./data/cards/train/010837611.jpg 35,306,64,320,28 37,250,64,268,22 71,198,90,222,10 117,161,135,188,22 169,146,182,174,38 200,149,223,177,41 252,169,275,194,37 230,301,254,326,37
./data/cards/train/011650840.jpg 34,307,62,319,44 38,250,65,269,47 68,196,93,224,15 117,162,133,188,6 169,146,182,173,24 203,148,222,175,35 227,278,245,306,35
./data/cards/train/012147651.jpg 36,307,64,321,2 38,250,64,268,11 71,198,93,223,36 117,161,134,188,7 169,145,182,172,35 202,149,220,176,45 254,169,277,193,7 231,302,253,326,7
./data/cards/train/012336194.jpg 36,308,63,320,18 37,249,66,273,14 68,197,91,221,22 118,163,133,189,0 169,145,183,172,31 204,147,221,174,9 227,279,244,306,9
./data/cards/train/012603379.jpg 36,307,64,321,3 39,250,66,269,21 69,198,92,223,50 118,163,134,188,8 169,144,182,172,20 202,151,222,177,49 252,170,276,194,45 279,205,306,228,4 212,323,237,343,4
./data/cards/train/012697232.jpg 36,307,64,319,38 37,250,63,268,19 66,195,94,226,27 116,161,136,191,41 167,145,184,174,14 202,149,220,177,18 252,169,276,195,33 231,300,255,326,33
./data/cards/train/012731863.jpg 36,307,63,319,8 35,248,65,272,16 68,198,92,223,37 118,161,134,188,13 169,145,182,172,7 200,148,223,176,2 251,170,274,194,38 279,210,306,227,49 213,323,240,340,49
./data/cards/train/012929343.jpg 36,308,63,319,45 38,250,64,268,11 67,197,90,221,20 115,162,134,190,4 169,145,184,173,17 204,148,220,175,13 253,169,276,193,47 232,299,255,323,47
